1	2	0.07619047619047692
1	3	0.07320282098303925
1	5	0.06521528849244447
1	6	0.05619286133351303
1	11	0.06521528849244461
1	14	0.10527040417264469
1	27	0.06666666666666599
1	82	0.07619047619047692
2	1	0.07619047619047692
2	5	0.10728126435131724
2	11	0.09277270800052918
3	1	0.07320282098303925
3	4	0.055472134224477575
3	5	0.008064516129032029
3	6	0.030791875144946548
3	12	0.11646228972553713
3	87	0.11071169488340482
4	3	0.055472134224477575
4	5	0.06158375028989449
4	6	0.08618373992671657
4	7	0.11096779403182937
4	8	0.07800177294549983
4	12	0.098551481452455
4	83	0.11096779403182937
4	84	0.11514655332649479
4	85	0.098551481452455
5	1	0.06521528849244447
5	2	0.10728126435131724
5	3	0.008064516129032029
5	4	0.06158375028989449
5	6	0.02495911602931659
5	12	0.12429610259208501
5	82	0.10728126435131724
5	87	0.11503315039538567
6	1	0.05619286133351303
6	3	0.030791875144946548
6	4	0.08618373992671657
6	5	0.02495911602931659
6	11	0.11915697865855591
6	16	0.10507184736996815
6	27	0.06158375028989449
6	87	0.11094426844895393
7	4	0.11096779403182937
7	9	0.075038402457757
7	12	0.016129032258064946
7	19	0.09659420513758642
7	21	0.0998364641172675
7	84	0.024959116029316674
7	85	0.016129032258064946
7	87	0.09855148145245497
8	4	0.07800177294549983
8	12	0.09523809523809501
8	84	0.08273796823984873
8	85	0.09523809523809501
9	7	0.075038402457757
9	10	0.07258064516128998
9	12	0.09073157476440732
9	15	0.03280963596558006
9	19	0.09482496117324364
9	83	0.075038402457757
9	84	0.06810309658825028
9	85	0.09073157476440732
10	9	0.07258064516128998
10	13	0.016129032258065
10	15	0.06327014406485794
10	21	0.09883798946756761
10	92	0.09025685456721119
11	1	0.06521528849244461
11	2	0.09277270800052918
11	6	0.11915697865855591
11	14	0.04032258064516103
11	27	0.0998364641172675
11	82	0.09277270800052918
12	3	0.11646228972553713
12	4	0.098551481452455
12	5	0.12429610259208501
12	7	0.016129032258064946
12	8	0.09523809523809501
12	9	0.09073157476440732
12	83	0.016129032258064946
12	87	0.08735690610260888
13	10	0.016129032258065
13	15	0.07800177294550065
13	92	0.08273796823984884
14	1	0.10527040417264469
14	11	0.04032258064516103
15	9	0.03280963596558006
15	10	0.06327014406485794
15	13	0.07800177294550065
15	19	0.0868073945477818
15	21	0.037438674043975224
15	84	0.09855148145245439
15	91	0.10342246029981221
15	92	0.11514655332649565
16	6	0.10507184736996815
16	17	0.06810309658825023
16	26	0.06726918088315169
16	27	0.08735690610260972
16	28	0.06327014406485838
16	29	0.10263392896545429
16	87	0.07800177294550019
16	94	0.06521528849244461
16	95	0.06327014406485838
17	16	0.06810309658825023
17	18	0.07258064516129004
17	26	0.12245818216988634
17	28	0.009523809523809046
17	29	0.047619047619048005
17	88	0.07258064516129004
17	95	0.009523809523809046
18	17	0.07258064516129004
18	19	0.04991823205863375
18	20	0.08921944751953935
18	28	0.07320282098303925
18	29	0.0868073945477818
18	41	0.13538528185081622
18	42	0.13551053671702612
18	87	0.08735690610260964
18	95	0.07320282098303925
18	96	0.098551481452455
19	7	0.09659420513758642
19	9	0.09482496117324364
19	15	0.0868073945477818
19	18	0.04991823205863375
19	20	0.07385362750414384
19	21	0.05200118196366725
19	83	0.09659420513758642
19	87	0.0931972821409417
19	88	0.04991823205863375
19	89	0.07385362750414384
20	18	0.08921944751953935
20	19	0.07385362750414384
20	21	0.06715266833745268
20	22	0.07320282098303917
20	88	0.08921944751953935
20	90	0.07320282098303917
20	91	0.05645161290322598
20	96	0.059375515189601984
21	7	0.0998364641172675
21	10	0.09883798946756761
21	15	0.037438674043975224
21	19	0.05200118196366725
21	20	0.06715266833745268
21	89	0.06715266833745268
21	91	0.09277270800052927
22	20	0.07320282098303917
22	23	0.06521528849244461
22	24	0.13742717504963414
22	33	0.12380952380952404
22	35	0.09482496117324368
22	91	0.018730953777836915
22	92	0.07487734808795095
23	22	0.06521528849244461
23	24	0.07258064516129104
23	25	0.09677419354838701
23	35	0.06715266833745157
23	90	0.06521528849244461
23	92	0.06859001476910584
23	93	0.07258064516129104
24	22	0.13742717504963414
24	23	0.07258064516129104
24	25	0.024193548387095976
24	35	0.1046331041496264
24	90	0.13742717504963414
24	92	0.11096779403182941
24	97	0.13333333333333297
25	23	0.09677419354838701
25	24	0.024193548387095976
25	93	0.024193548387095976
26	16	0.06726918088315169
26	17	0.12245818216988634
26	28	0.12134206828967299
26	94	0.009523809523809046
26	95	0.12134206828967299
27	1	0.06666666666666599
27	6	0.06158375028989449
27	11	0.0998364641172675
27	16	0.08735690610260972
27	87	0.13453836176630343
27	94	0.07661608892737258
28	16	0.06327014406485838
28	17	0.009523809523809046
28	18	0.07320282098303925
28	26	0.12134206828967299
28	86	0.06327014406485838
28	87	0.059375515189602705
29	16	0.10263392896545429
29	17	0.047619047619048005
29	18	0.0868073945477818
29	30	0.13220702980131013
29	42	0.12927560989007456
29	96	0.1464056419660786
30	29	0.13220702980131013
30	31	0.05724934538683797
30	32	0.13742717504963398
30	42	0.024959116029317926
30	45	0.12380952380952304
30	48	0.0998364641172676
30	98	0.12380952380952304
31	30	0.05724934538683797
31	32	0.08064516129032295
31	41	0.0482971025687937
31	42	0.04941899473378415
31	48	0.06715266833745256
32	30	0.13742717504963398
32	31	0.08064516129032295
32	33	0.024959116029316556
32	34	0.08120557239123351
32	41	0.08680739454778254
32	42	0.12429610259208501
32	48	0.09855148145245565
32	49	0.10751922838683906
32	100	0.10751922838683906
33	22	0.12380952380952404
33	32	0.024959116029316556
33	34	0.07055960201077693
33	35	0.07385362750414388
33	41	0.09319728214094164
33	96	0.11693757107951877
34	32	0.08120557239123351
34	33	0.07055960201077693
34	35	0.07661608892737258
34	36	0.057249345386838006
34	50	0.13430533667490413
34	97	0.07320282098304036
34	101	0.13430533667490413
35	22	0.09482496117324368
35	23	0.06715266833745157
35	24	0.1046331041496264
35	33	0.07385362750414388
35	34	0.07661608892737258
35	41	0.14640564196607947
35	97	0.10463310414962705
36	34	0.057249345386838006
36	37	0.06521528849244461
36	97	0.024959116029317198
36	103	0.12485569217109314
37	36	0.06521528849244461
37	39	0.07258064516129098
37	43	0.018730953777837775
37	97	0.05619286133351273
38	39	0.020684492059962086
38	40	0.07258064516129001
38	43	0.0652152884924446
38	111	0.0709208871067132
39	37	0.07258064516129098
39	38	0.020684492059962086
39	40	0.08286406839472263
39	43	0.05724934538683795
40	38	0.07258064516129001
40	39	0.08286406839472263
40	44	0.05751657519769242
40	111	0.0823756977432026
41	18	0.13538528185081622
41	31	0.0482971025687937
41	32	0.08680739454778254
41	33	0.09319728214094164
41	35	0.14640564196607947
41	42	0.05200118196366638
41	96	0.047619047619047006
42	18	0.13551053671702612
42	29	0.12927560989007456
42	30	0.024959116029317926
42	31	0.04941899473378415
42	32	0.12429610259208501
42	41	0.05200118196366638
42	96	0.08237569774320262
43	37	0.018730953777837775
43	38	0.0652152884924446
43	39	0.05724934538683795
43	53	0.1343053366749043
43	97	0.0749238151113505
43	104	0.1343053366749043
43	109	0.1343053366749043
44	40	0.05751657519769242
44	56	0.06327014406485834
44	57	0.10599623753192447
44	111	0.0828640683947226
45	30	0.12380952380952304
45	46	0.04931545479949403
45	47	0.057249345386838124
45	48	0.08018668593633253
45	58	0.0887096774193541
45	99	0.057249345386838124
45	107	0.0887096774193541
45	110	0.08921944751953845
45	112	0.07487734808795096
45	115	0.13430533667490518
46	45	0.04931545479949403
46	47	0.10483870967741904
46	58	0.04143203419736145
46	70	0.07487734808795096
46	98	0.04931545479949403
46	107	0.04143203419736145
46	110	0.04032258064516103
46	115	0.12794288144429075
47	45	0.057249345386838124
47	46	0.10483870967741904
47	48	0.057709120101110366
47	49	0.05957848932927796
47	50	0.1464056419660795
47	72	0.1523095698036966
47	98	0.057249345386838124
47	100	0.05957848932927796
47	112	0.048297102568792716
48	30	0.0998364641172676
48	31	0.06715266833745256
48	32	0.09855148145245565
48	45	0.08018668593633253
48	47	0.057709120101110366
48	49	0.061583750289894525
48	50	0.15684551047578135
48	99	0.057709120101110366
49	32	0.10751922838683906
49	47	0.05957848932927796
49	48	0.061583750289894525
49	50	0.09654353439448389
49	52	0.14111920402155342
49	62	0.13727513816124343
49	99	0.05957848932927796
49	101	0.09654353439448389
49	103	0.15007680491551495
49	112	0.09277270800052846
50	34	0.13430533667490413
50	47	0.1464056419660795
50	48	0.15684551047578135
50	49	0.09654353439448389
50	51	0.06521528849244446
50	52	0.04459509279358809
50	53	0.14004232226326765
50	62	0.06666666666666698
50	72	0.1190035347740483
50	99	0.1464056419660795
50	100	0.09654353439448389
50	102	0.06521528849244446
50	103	0.056451612903226034
51	50	0.06521528849244446
51	52	0.02600059098183379
51	53	0.075038402457757
51	54	0.13215767155878666
51	103	0.012479558014657877
51	104	0.075038402457757
51	105	0.13215767155878666
51	108	0.13215767155878666
51	109	0.075038402457757
52	49	0.14111920402155342
52	50	0.04459509279358809
52	51	0.02600059098183379
52	53	0.09724169622536655
52	62	0.06239779007329248
52	101	0.04459509279358809
52	102	0.02600059098183379
52	103	0.024959116029317198
53	43	0.1343053366749043
53	50	0.14004232226326765
53	51	0.075038402457757
53	52	0.09724169622536655
53	54	0.057249345386838124
53	62	0.14229115453818503
53	64	0.1464539039822186
53	101	0.14004232226326765
53	102	0.075038402457757
53	103	0.08555681486681387
53	105	0.057249345386838124
53	108	0.057249345386838124
54	51	0.13215767155878666
54	53	0.057249345386838124
54	55	0.07320282098303935
54	67	0.0873569061026097
54	104	0.057249345386838124
54	106	0.07320282098303935
54	109	0.057249345386838124
54	111	0.08237569774320398
55	54	0.07320282098303935
55	56	0.131116676444864
55	57	0.07320282098304018
55	67	0.05937551518960178
55	68	0.06788876807234226
55	105	0.07320282098303935
55	108	0.07320282098303935
55	111	0.0799394548748639
56	44	0.06327014406485834
56	55	0.131116676444864
56	57	0.08620266336962565
57	44	0.10599623753192447
57	55	0.07320282098304018
57	56	0.08620266336962565
57	68	0.04512842728360554
57	114	0.04512842728360554
58	45	0.0887096774193541
58	46	0.04143203419736145
58	110	0.00952380952380999
59	60	0.08120557239123433
59	71	0.05724934538683725
59	76	0.06561927193116138
59	112	0.09659420513758755
59	115	0.05200118196366638
59	116	0.05200118196366638
59	117	0.05200118196366638
60	59	0.08120557239123433
60	61	0.09863090959898874
60	72	0.04309186996335796
60	76	0.06788876807234295
60	112	0.12303409118878157
60	122	0.10728126435131728
61	60	0.09863090959898874
61	62	0.0860928289458855
61	63	0.04931545479949495
61	72	0.08018668593633253
61	113	0.024193548387096975
61	122	0.07406096928052743
62	49	0.13727513816124343
62	50	0.06666666666666698
62	52	0.06239779007329248
62	53	0.14229115453818503
62	61	0.0860928289458855
62	72	0.06810309658825026
62	101	0.06666666666666698
63	61	0.04931545479949495
63	64	0.04931545479949378
63	65	0.1384136455905266
63	113	0.02600059098183384
63	123	0.11456989530496782
64	53	0.1464539039822186
64	63	0.04931545479949378
64	65	0.08921944751953934
64	66	0.137096774193549
64	75	0.11456989530496874
64	104	0.1464539039822186
64	109	0.1464539039822186
64	113	0.075038402457757
64	124	0.11456989530496874
65	63	0.1384136455905266
65	64	0.08921944751953934
65	66	0.04931545479949495
65	67	0.09482496117324361
65	73	0.11514655332649439
65	75	0.14261942794122798
65	113	0.1638013879330111
65	124	0.14261942794122798
65	125	0.14489130770638026
65	128	0.09025685456721116
65	129	0.09025685456721116
66	64	0.137096774193549
66	65	0.04931545479949495
66	67	0.06715266833745157
66	68	0.10522803197893889
66	73	0.0803249072319696
66	128	0.08571428571428599
66	129	0.08571428571428599
67	54	0.0873569061026097
67	55	0.05937551518960178
67	65	0.09482496117324361
67	66	0.06715266833745157
67	68	0.06521528849244461
67	106	0.05937551518960178
67	114	0.06521528849244461
68	55	0.06788876807234226
68	57	0.04512842728360554
68	66	0.10522803197893889
68	67	0.06521528849244461
68	106	0.06788876807234226
69	70	0.06715266833745262
69	71	0.08120557239123433
69	115	0.08870967741935498
69	116	0.08870967741935498
69	117	0.08870967741935498
69	118	0.06993723351930985
70	46	0.07487734808795096
70	69	0.06715266833745262
70	110	0.05770912010111049
70	115	0.10463310414962702
71	59	0.05724934538683725
71	69	0.08120557239123433
71	115	0.012479558014657914
71	116	0.012479558014657914
71	117	0.012479558014657914
71	118	0.06239779007329305
72	47	0.1523095698036966
72	50	0.1190035347740483
72	60	0.04309186996335796
72	61	0.08018668593633253
72	62	0.06810309658825026
72	99	0.1523095698036966
72	101	0.1190035347740483
72	113	0.10068257328848466
73	65	0.11514655332649439
73	66	0.0803249072319696
73	128	0.06327014406485755
73	129	0.06327014406485755
74	77	0.0823756977432032
74	119	0.06451612903225801
74	123	0.07320282098303918
74	131	0.024959116029316556
75	64	0.11456989530496874
75	65	0.14261942794122798
75	79	0.07661608892737137
75	123	0.04931545479949495
75	125	0.0819707095099339
75	126	0.0819707095099339
75	127	0.0819707095099339
75	128	0.1479463643984837
75	129	0.1479463643984837
76	59	0.06561927193116138
76	60	0.06788876807234295
76	119	0.09842890789674273
76	120	0.0915834128095093
76	130	0.12424008810070382
77	74	0.0823756977432032
77	78	0.0761904761904764
77	79	0.07055960201077684
77	123	0.062053476179886304
78	77	0.0761904761904764
78	79	0.0801866859363329
78	132	0.10866223620668951
79	75	0.07661608892737137
79	77	0.07055960201077684
79	78	0.0801866859363329
79	124	0.07661608892737137
79	125	0.08919018558717606
79	132	0.044595092793588094
80	125	0.0740609692805269
80	126	0.0740609692805269
80	127	0.0740609692805269
80	128	0.1392971223236984
80	132	0.07320282098303928
81	119	0.11915697865855593
81	120	0.10400236392733361
81	130	0.06993723351930985
81	131	0.17111362973362992
82	1	0.07619047619047692
82	5	0.10728126435131724
82	11	0.09277270800052918
83	4	0.11096779403182937
83	9	0.075038402457757
83	12	0.016129032258064946
83	19	0.09659420513758642
83	84	0.024959116029316674
83	87	0.09855148145245497
84	4	0.11514655332649479
84	7	0.024959116029316674
84	8	0.08273796823984873
84	9	0.06810309658825028
84	15	0.09855148145245439
84	83	0.024959116029316674
84	87	0.12335455258463757
85	4	0.098551481452455
85	7	0.016129032258064946
85	8	0.09523809523809501
85	9	0.09073157476440732
85	87	0.08735690610260888
86	28	0.06327014406485838
86	94	0.06521528849244461
87	3	0.11071169488340482
87	5	0.11503315039538567
87	6	0.11094426844895393
87	7	0.09855148145245497
87	12	0.08735690610260888
87	16	0.07800177294550019
87	18	0.08735690610260964
87	19	0.0931972821409417
87	27	0.13453836176630343
87	28	0.059375515189602705
87	83	0.09855148145245497
87	84	0.12335455258463757
87	85	0.08735690610260888
87	95	0.059375515189602705
88	17	0.07258064516129004
88	19	0.04991823205863375
88	20	0.08921944751953935
89	19	0.07385362750414384
89	21	0.06715266833745268
89	91	0.05645161290322598
89	96	0.059375515189601984
90	20	0.07320282098303917
90	23	0.06521528849244461
90	24	0.13742717504963414
90	91	0.018730953777836915
91	15	0.10342246029981221
91	20	0.05645161290322598
91	21	0.09277270800052927
91	22	0.018730953777836915
91	89	0.05645161290322598
91	90	0.018730953777836915
91	92	0.08018668593633313
91	96	0.09237562543484173
92	10	0.09025685456721119
92	13	0.08273796823984884
92	15	0.11514655332649565
92	22	0.07487734808795095
92	23	0.06859001476910584
92	24	0.11096779403182941
92	91	0.08018668593633313
93	23	0.07258064516129104
93	25	0.024193548387095976
93	97	0.13333333333333297
94	16	0.06521528849244461
94	26	0.009523809523809046
94	27	0.07661608892737258
94	86	0.06521528849244461
95	16	0.06327014406485838
95	17	0.009523809523809046
95	18	0.07320282098303925
95	26	0.12134206828967299
95	87	0.059375515189602705
96	18	0.098551481452455
96	20	0.059375515189601984
96	29	0.1464056419660786
96	33	0.11693757107951877
96	41	0.047619047619047006
96	42	0.08237569774320262
96	89	0.059375515189601984
96	91	0.09237562543484173
97	24	0.13333333333333297
97	34	0.07320282098304036
97	35	0.10463310414962705
97	36	0.024959116029317198
97	37	0.05619286133351273
97	43	0.0749238151113505
97	93	0.13333333333333297
98	30	0.12380952380952304
98	46	0.04931545479949403
98	47	0.057249345386838124
98	115	0.13430533667490518
99	45	0.057249345386838124
99	48	0.057709120101110366
99	49	0.05957848932927796
99	50	0.1464056419660795
99	72	0.1523095698036966
99	112	0.048297102568792716
100	32	0.10751922838683906
100	47	0.05957848932927796
100	50	0.09654353439448389
101	34	0.13430533667490413
101	49	0.09654353439448389
101	52	0.04459509279358809
101	53	0.14004232226326765
101	62	0.06666666666666698
101	72	0.1190035347740483
102	50	0.06521528849244446
102	52	0.02600059098183379
102	53	0.075038402457757
102	103	0.012479558014657877
103	36	0.12485569217109314
103	49	0.15007680491551495
103	50	0.056451612903226034
103	51	0.012479558014657877
103	52	0.024959116029317198
103	53	0.08555681486681387
103	102	0.012479558014657877
104	43	0.1343053366749043
104	51	0.075038402457757
104	54	0.057249345386838124
104	64	0.1464539039822186
105	51	0.13215767155878666
105	53	0.057249345386838124
105	55	0.07320282098303935
105	111	0.08237569774320398
106	54	0.07320282098303935
106	67	0.05937551518960178
106	68	0.06788876807234226
106	111	0.0799394548748639
107	45	0.0887096774193541
107	46	0.04143203419736145
107	110	0.00952380952380999
108	51	0.13215767155878666
108	53	0.057249345386838124
108	55	0.07320282098303935
108	111	0.08237569774320398
109	43	0.1343053366749043
109	51	0.075038402457757
109	54	0.057249345386838124
109	64	0.1464539039822186
110	45	0.08921944751953845
110	46	0.04032258064516103
110	58	0.00952380952380999
110	70	0.05770912010111049
110	107	0.00952380952380999
111	38	0.0709208871067132
111	40	0.0823756977432026
111	44	0.0828640683947226
111	54	0.08237569774320398
111	55	0.0799394548748639
111	105	0.08237569774320398
111	106	0.0799394548748639
111	108	0.08237569774320398
112	45	0.07487734808795096
112	47	0.048297102568792716
112	49	0.09277270800052846
112	59	0.09659420513758755
112	60	0.12303409118878157
112	99	0.048297102568792716
112	115	0.09983646411726836
112	116	0.09983646411726836
112	117	0.09983646411726836
113	61	0.024193548387096975
113	63	0.02600059098183384
113	64	0.075038402457757
113	65	0.1638013879330111
113	72	0.10068257328848466
113	122	0.08735690610260964
114	57	0.04512842728360554
114	67	0.06521528849244461
115	45	0.13430533667490518
115	46	0.12794288144429075
115	59	0.05200118196366638
115	69	0.08870967741935498
115	70	0.10463310414962702
115	71	0.012479558014657914
115	98	0.13430533667490518
115	112	0.09983646411726836
115	118	0.07487734808795096
116	59	0.05200118196366638
116	69	0.08870967741935498
116	71	0.012479558014657914
116	112	0.09983646411726836
116	118	0.07487734808795096
117	59	0.05200118196366638
117	69	0.08870967741935498
117	71	0.012479558014657914
117	112	0.09983646411726836
117	118	0.07487734808795096
118	69	0.06993723351930985
118	71	0.06239779007329305
118	115	0.07487734808795096
118	116	0.07487734808795096
118	117	0.07487734808795096
118	130	0.08906327278440342
119	74	0.06451612903225801
119	76	0.09842890789674273
119	81	0.11915697865855593
119	120	0.016129032258064946
119	121	0.06451612903225801
119	122	0.08018668593633312
119	131	0.05200118196366726
120	76	0.0915834128095093
120	81	0.10400236392733361
120	119	0.016129032258064946
120	131	0.0672691808831526
121	119	0.06451612903225801
121	123	0.07320282098303918
121	131	0.024959116029316556
122	60	0.10728126435131728
122	61	0.07406096928052743
122	113	0.08735690610260964
122	119	0.08018668593633312
122	123	0.09237562543484103
122	131	0.03280963596558088
123	63	0.11456989530496782
123	74	0.07320282098303918
123	75	0.04931545479949495
123	77	0.062053476179886304
123	121	0.07320282098303918
123	122	0.09237562543484103
123	124	0.04931545479949495
123	125	0.13000295490916744
123	131	0.09319728214094045
124	64	0.11456989530496874
124	65	0.14261942794122798
124	79	0.07661608892737137
124	123	0.04931545479949495
124	125	0.0819707095099339
125	65	0.14489130770638026
125	75	0.0819707095099339
125	79	0.08919018558717606
125	80	0.0740609692805269
125	123	0.13000295490916744
125	124	0.0819707095099339
125	128	0.09855148145245571
125	129	0.09855148145245571
125	132	0.06993723351930978
126	75	0.0819707095099339
126	80	0.0740609692805269
126	128	0.09855148145245571
126	132	0.06993723351930978
127	75	0.0819707095099339
127	80	0.0740609692805269
127	128	0.09855148145245571
127	132	0.06993723351930978
128	65	0.09025685456721116
128	66	0.08571428571428599
128	73	0.06327014406485755
128	75	0.1479463643984837
128	80	0.1392971223236984
128	125	0.09855148145245571
128	126	0.09855148145245571
128	127	0.09855148145245571
129	65	0.09025685456721116
129	66	0.08571428571428599
129	73	0.06327014406485755
129	75	0.1479463643984837
129	125	0.09855148145245571
130	76	0.12424008810070382
130	81	0.06993723351930985
130	118	0.08906327278440342
131	74	0.024959116029316556
131	81	0.17111362973362992
131	119	0.05200118196366726
131	120	0.0672691808831526
131	121	0.024959116029316556
131	122	0.03280963596558088
131	123	0.09319728214094045
132	78	0.10866223620668951
132	79	0.044595092793588094
132	80	0.07320282098303928
132	125	0.06993723351930978
132	126	0.06993723351930978
132	127	0.06993723351930978
