1	2	0.9238095238095231
1	3	0.9267971790169608
1	5	0.9347847115075555
1	6	0.943807138666487
1	11	0.9347847115075554
1	14	0.8947295958273553
1	27	0.933333333333334
1	82	0.9238095238095231
2	1	0.9238095238095231
2	5	0.8927187356486828
2	11	0.9072272919994708
2	82	1.0
3	1	0.9267971790169608
3	4	0.9445278657755224
3	5	0.991935483870968
3	6	0.9692081248550535
3	12	0.8835377102744628
3	87	0.8892883051165952
4	3	0.9445278657755224
4	5	0.9384162497101055
4	6	0.9138162600732834
4	7	0.8890322059681707
4	8	0.9219982270545002
4	12	0.901448518547545
4	83	0.8890322059681707
4	84	0.8848534466735052
4	85	0.901448518547545
5	1	0.9347847115075555
5	2	0.8927187356486828
5	3	0.991935483870968
5	4	0.9384162497101055
5	6	0.9750408839706834
5	12	0.875703897407915
5	82	0.8927187356486828
5	87	0.8849668496046144
6	1	0.943807138666487
6	3	0.9692081248550535
6	4	0.9138162600732834
6	5	0.9750408839706834
6	11	0.8808430213414441
6	16	0.8949281526300319
6	27	0.9384162497101055
6	87	0.8890557315510461
7	4	0.8890322059681707
7	9	0.9249615975422429
7	12	0.983870967741935
7	19	0.9034057948624136
7	21	0.9001635358827325
7	83	1.0
7	84	0.9750408839706833
7	85	0.983870967741935
7	87	0.901448518547545
8	4	0.9219982270545002
8	12	0.904761904761905
8	84	0.9172620317601513
8	85	0.904761904761905
9	7	0.9249615975422429
9	10	0.92741935483871
9	12	0.9092684252355927
9	15	0.9671903640344199
9	19	0.9051750388267563
9	83	0.9249615975422429
9	84	0.9318969034117497
9	85	0.9092684252355927
10	9	0.92741935483871
10	13	0.983870967741935
10	15	0.936729855935142
10	21	0.9011620105324324
10	92	0.9097431454327888
11	1	0.9347847115075554
11	2	0.9072272919994708
11	6	0.8808430213414441
11	14	0.959677419354839
11	27	0.9001635358827325
11	82	0.9072272919994708
12	3	0.8835377102744628
12	4	0.901448518547545
12	5	0.875703897407915
12	7	0.983870967741935
12	8	0.904761904761905
12	9	0.9092684252355927
12	83	0.983870967741935
12	85	1.0
12	87	0.9126430938973911
13	10	0.983870967741935
13	15	0.9219982270544993
13	92	0.9172620317601512
14	1	0.8947295958273553
14	11	0.959677419354839
15	9	0.9671903640344199
15	10	0.936729855935142
15	13	0.9219982270544993
15	19	0.9131926054522181
15	21	0.9625613259560247
15	84	0.9014485185475456
15	91	0.8965775397001878
15	92	0.8848534466735043
16	6	0.8949281526300319
16	17	0.9318969034117498
16	26	0.9327308191168483
16	27	0.9126430938973903
16	28	0.9367298559351416
16	29	0.8973660710345457
16	86	1.0
16	87	0.9219982270544999
16	94	0.9347847115075554
16	95	0.9367298559351416
17	16	0.9318969034117498
17	18	0.92741935483871
17	26	0.8775418178301136
17	28	0.990476190476191
17	29	0.952380952380952
17	88	0.92741935483871
17	95	0.990476190476191
18	17	0.92741935483871
18	19	0.9500817679413662
18	20	0.9107805524804606
18	28	0.9267971790169608
18	29	0.9131926054522181
18	41	0.8646147181491838
18	42	0.8644894632829738
18	87	0.9126430938973904
18	88	1.0
18	95	0.9267971790169608
18	96	0.901448518547545
19	7	0.9034057948624136
19	9	0.9051750388267563
19	15	0.9131926054522181
19	18	0.9500817679413662
19	20	0.9261463724958562
19	21	0.9479988180363328
19	83	0.9034057948624136
19	87	0.9068027178590583
19	88	0.9500817679413662
19	89	0.9261463724958562
20	18	0.9107805524804606
20	19	0.9261463724958562
20	21	0.9328473316625473
20	22	0.9267971790169608
20	88	0.9107805524804606
20	89	1.0
20	90	0.9267971790169608
20	91	0.943548387096774
20	96	0.9406244848103981
21	7	0.9001635358827325
21	10	0.9011620105324324
21	15	0.9625613259560247
21	19	0.9479988180363328
21	20	0.9328473316625473
21	89	0.9328473316625473
21	91	0.9072272919994707
22	20	0.9267971790169608
22	23	0.9347847115075554
22	24	0.8625728249503659
22	33	0.876190476190476
22	35	0.9051750388267563
22	90	1.0
22	91	0.981269046222163
22	92	0.925122651912049
23	22	0.9347847115075554
23	24	0.927419354838709
23	25	0.903225806451613
23	35	0.9328473316625484
23	90	0.9347847115075554
23	92	0.9314099852308941
23	93	0.927419354838709
24	22	0.8625728249503659
24	23	0.927419354838709
24	25	0.975806451612904
24	35	0.8953668958503735
24	90	0.8625728249503659
24	92	0.8890322059681706
24	93	1.0
24	97	0.866666666666667
25	23	0.903225806451613
25	24	0.975806451612904
25	93	0.975806451612904
26	16	0.9327308191168483
26	17	0.8775418178301136
26	28	0.878657931710327
26	94	0.990476190476191
26	95	0.878657931710327
27	1	0.933333333333334
27	6	0.9384162497101055
27	11	0.9001635358827325
27	16	0.9126430938973903
27	87	0.8654616382336966
27	94	0.9233839110726274
28	16	0.9367298559351416
28	17	0.990476190476191
28	18	0.9267971790169608
28	26	0.878657931710327
28	86	0.9367298559351416
28	87	0.9406244848103973
28	95	1.0
29	16	0.8973660710345457
29	17	0.952380952380952
29	18	0.9131926054522181
29	30	0.8677929701986898
29	42	0.8707243901099254
29	96	0.8535943580339214
30	29	0.8677929701986898
30	31	0.942750654613162
30	32	0.862572824950366
30	42	0.9750408839706821
30	45	0.876190476190477
30	48	0.9001635358827325
30	98	0.876190476190477
31	30	0.942750654613162
31	32	0.919354838709677
31	41	0.9517028974312063
31	42	0.9505810052662158
31	48	0.9328473316625474
32	30	0.862572824950366
32	31	0.919354838709677
32	33	0.9750408839706834
32	34	0.9187944276087665
32	41	0.9131926054522175
32	42	0.875703897407915
32	48	0.9014485185475444
32	49	0.892480771613161
32	100	0.892480771613161
33	22	0.876190476190476
33	32	0.9750408839706834
33	34	0.9294403979892231
33	35	0.9261463724958561
33	41	0.9068027178590583
33	96	0.8830624289204813
34	32	0.9187944276087665
34	33	0.9294403979892231
34	35	0.9233839110726274
34	36	0.942750654613162
34	50	0.8656946633250959
34	97	0.9267971790169597
34	101	0.8656946633250959
35	22	0.9051750388267563
35	23	0.9328473316625484
35	24	0.8953668958503735
35	33	0.9261463724958561
35	34	0.9233839110726274
35	41	0.8535943580339205
35	97	0.895366895850373
36	34	0.942750654613162
36	37	0.9347847115075554
36	97	0.9750408839706828
36	103	0.8751443078289068
37	36	0.9347847115075554
37	39	0.9274193548387091
37	43	0.9812690462221623
37	97	0.9438071386664872
38	39	0.979315507940038
38	40	0.92741935483871
38	43	0.9347847115075554
38	111	0.9290791128932868
39	37	0.9274193548387091
39	38	0.979315507940038
39	40	0.9171359316052774
39	43	0.9427506546131621
40	38	0.92741935483871
40	39	0.9171359316052774
40	44	0.9424834248023076
40	111	0.9176243022567974
41	18	0.8646147181491838
41	31	0.9517028974312063
41	32	0.9131926054522175
41	33	0.9068027178590583
41	35	0.8535943580339205
41	42	0.9479988180363336
41	96	0.952380952380953
42	18	0.8644894632829738
42	29	0.8707243901099254
42	30	0.9750408839706821
42	31	0.9505810052662158
42	32	0.875703897407915
42	41	0.9479988180363336
42	96	0.9176243022567974
43	37	0.9812690462221623
43	38	0.9347847115075554
43	39	0.9427506546131621
43	53	0.8656946633250957
43	97	0.9250761848886495
43	104	0.8656946633250957
43	109	0.8656946633250957
44	40	0.9424834248023076
44	56	0.9367298559351417
44	57	0.8940037624680756
44	111	0.9171359316052774
45	30	0.876190476190477
45	46	0.9506845452005059
45	47	0.9427506546131619
45	48	0.9198133140636675
45	58	0.9112903225806459
45	98	1.0
45	99	0.9427506546131619
45	107	0.9112903225806459
45	110	0.9107805524804615
45	112	0.925122651912049
45	115	0.8656946633250948
46	45	0.9506845452005059
46	47	0.895161290322581
46	58	0.9585679658026386
46	70	0.925122651912049
46	98	0.9506845452005059
46	107	0.9585679658026386
46	110	0.959677419354839
46	115	0.8720571185557092
47	45	0.9427506546131619
47	46	0.895161290322581
47	48	0.9422908798988896
47	49	0.940421510670722
47	50	0.8535943580339205
47	72	0.8476904301963034
47	98	0.9427506546131619
47	99	1.0
47	100	0.940421510670722
47	112	0.9517028974312073
48	30	0.9001635358827325
48	31	0.9328473316625474
48	32	0.9014485185475444
48	45	0.9198133140636675
48	47	0.9422908798988896
48	49	0.9384162497101055
48	50	0.8431544895242187
48	99	0.9422908798988896
49	32	0.892480771613161
49	47	0.940421510670722
49	48	0.9384162497101055
49	50	0.9034564656055161
49	52	0.8588807959784466
49	62	0.8627248618387566
49	99	0.940421510670722
49	100	1.0
49	101	0.9034564656055161
49	103	0.849923195084485
49	112	0.9072272919994715
50	34	0.8656946633250959
50	47	0.8535943580339205
50	48	0.8431544895242187
50	49	0.9034564656055161
50	51	0.9347847115075556
50	52	0.9554049072064119
50	53	0.8599576777367324
50	62	0.933333333333333
50	72	0.8809964652259517
50	99	0.8535943580339205
50	100	0.9034564656055161
50	101	1.0
50	102	0.9347847115075556
50	103	0.943548387096774
51	50	0.9347847115075556
51	52	0.9739994090181662
51	53	0.9249615975422429
51	54	0.8678423284412133
51	102	1.0
51	103	0.9875204419853422
51	104	0.9249615975422429
51	105	0.8678423284412133
51	108	0.8678423284412133
51	109	0.9249615975422429
52	49	0.8588807959784466
52	50	0.9554049072064119
52	51	0.9739994090181662
52	53	0.9027583037746334
52	62	0.9376022099267075
52	101	0.9554049072064119
52	102	0.9739994090181662
52	103	0.9750408839706828
53	43	0.8656946633250957
53	50	0.8599576777367324
53	51	0.9249615975422429
53	52	0.9027583037746334
53	54	0.9427506546131619
53	62	0.8577088454618149
53	64	0.8535460960177814
53	101	0.8599576777367324
53	102	0.9249615975422429
53	103	0.9144431851331861
53	104	1.0
53	105	0.9427506546131619
53	108	0.9427506546131619
53	109	1.0
54	51	0.8678423284412133
54	53	0.9427506546131619
54	55	0.9267971790169607
54	67	0.9126430938973903
54	104	0.9427506546131619
54	105	1.0
54	106	0.9267971790169607
54	108	1.0
54	109	0.9427506546131619
54	111	0.917624302256796
55	54	0.9267971790169607
55	56	0.868883323555136
55	57	0.9267971790169598
55	67	0.9406244848103982
55	68	0.9321112319276578
55	105	0.9267971790169607
55	106	1.0
55	108	0.9267971790169607
55	111	0.9200605451251361
56	44	0.9367298559351417
56	55	0.868883323555136
56	57	0.9137973366303743
57	44	0.8940037624680756
57	55	0.9267971790169598
57	56	0.9137973366303743
57	68	0.9548715727163944
57	114	0.9548715727163944
58	45	0.9112903225806459
58	46	0.9585679658026386
58	107	1.0
58	110	0.9904761904761901
59	60	0.9187944276087656
59	71	0.9427506546131628
59	76	0.9343807280688387
59	112	0.9034057948624125
59	115	0.9479988180363336
59	116	0.9479988180363336
59	117	0.9479988180363336
60	59	0.9187944276087656
60	61	0.9013690904010112
60	72	0.956908130036642
60	76	0.932111231927657
60	112	0.8769659088112184
60	122	0.8927187356486828
61	60	0.9013690904010112
61	62	0.9139071710541145
61	63	0.950684545200505
61	72	0.9198133140636675
61	113	0.975806451612903
61	122	0.9259390307194726
62	49	0.8627248618387566
62	50	0.933333333333333
62	52	0.9376022099267075
62	53	0.8577088454618149
62	61	0.9139071710541145
62	72	0.9318969034117497
62	101	0.933333333333333
63	61	0.950684545200505
63	64	0.9506845452005063
63	65	0.8615863544094734
63	113	0.9739994090181662
63	123	0.8854301046950321
64	53	0.8535460960177814
64	63	0.9506845452005063
64	65	0.9107805524804606
64	66	0.8629032258064511
64	75	0.8854301046950313
64	104	0.8535460960177814
64	109	0.8535460960177814
64	113	0.9249615975422429
64	124	0.8854301046950313
65	63	0.8615863544094734
65	64	0.9107805524804606
65	66	0.950684545200505
65	67	0.9051750388267564
65	73	0.8848534466735056
65	75	0.857380572058772
65	113	0.8361986120669889
65	124	0.857380572058772
65	125	0.8551086922936197
65	128	0.9097431454327889
65	129	0.9097431454327889
66	64	0.8629032258064511
66	65	0.950684545200505
66	67	0.9328473316625484
66	68	0.8947719680210611
66	73	0.9196750927680304
66	128	0.914285714285714
66	129	0.914285714285714
67	54	0.9126430938973903
67	55	0.9406244848103982
67	65	0.9051750388267564
67	66	0.9328473316625484
67	68	0.9347847115075554
67	106	0.9406244848103982
67	114	0.9347847115075554
68	55	0.9321112319276578
68	57	0.9548715727163944
68	66	0.8947719680210611
68	67	0.9347847115075554
68	106	0.9321112319276578
68	114	1.0
69	70	0.9328473316625474
69	71	0.9187944276087656
69	115	0.911290322580645
69	116	0.911290322580645
69	117	0.911290322580645
69	118	0.9300627664806902
70	46	0.925122651912049
70	69	0.9328473316625474
70	110	0.9422908798988895
70	115	0.895366895850373
71	59	0.9427506546131628
71	69	0.9187944276087656
71	115	0.9875204419853421
71	116	0.9875204419853421
71	117	0.9875204419853421
71	118	0.937602209926707
72	47	0.8476904301963034
72	50	0.8809964652259517
72	60	0.956908130036642
72	61	0.9198133140636675
72	62	0.9318969034117497
72	99	0.8476904301963034
72	101	0.8809964652259517
72	113	0.8993174267115154
73	65	0.8848534466735056
73	66	0.9196750927680304
73	128	0.9367298559351425
73	129	0.9367298559351425
74	77	0.9176243022567968
74	119	0.935483870967742
74	121	1.0
74	123	0.9267971790169608
74	131	0.9750408839706834
75	64	0.8854301046950313
75	65	0.857380572058772
75	79	0.9233839110726286
75	123	0.950684545200505
75	124	1.0
75	125	0.9180292904900661
75	126	0.9180292904900661
75	127	0.9180292904900661
75	128	0.8520536356015163
75	129	0.8520536356015163
76	59	0.9343807280688387
76	60	0.932111231927657
76	119	0.9015710921032573
76	120	0.9084165871904907
76	130	0.8757599118992961
77	74	0.9176243022567968
77	78	0.9238095238095236
77	79	0.9294403979892232
77	123	0.9379465238201137
78	77	0.9238095238095236
78	79	0.9198133140636671
78	132	0.8913377637933105
79	75	0.9233839110726286
79	77	0.9294403979892232
79	78	0.9198133140636671
79	124	0.9233839110726286
79	125	0.9108098144128239
79	132	0.9554049072064119
80	125	0.9259390307194731
80	126	0.9259390307194731
80	127	0.9259390307194731
80	128	0.8607028776763016
80	132	0.9267971790169607
81	119	0.8808430213414441
81	120	0.8959976360726664
81	130	0.9300627664806902
81	131	0.82888637026637
82	1	0.9238095238095231
82	2	1.0
82	5	0.8927187356486828
82	11	0.9072272919994708
83	4	0.8890322059681707
83	7	1.0
83	9	0.9249615975422429
83	12	0.983870967741935
83	19	0.9034057948624136
83	84	0.9750408839706833
83	87	0.901448518547545
84	4	0.8848534466735052
84	7	0.9750408839706833
84	8	0.9172620317601513
84	9	0.9318969034117497
84	15	0.9014485185475456
84	83	0.9750408839706833
84	87	0.8766454474153624
85	4	0.901448518547545
85	7	0.983870967741935
85	8	0.904761904761905
85	9	0.9092684252355927
85	12	1.0
85	87	0.9126430938973911
86	16	1.0
86	28	0.9367298559351416
86	94	0.9347847115075554
87	3	0.8892883051165952
87	5	0.8849668496046144
87	6	0.8890557315510461
87	7	0.901448518547545
87	12	0.9126430938973911
87	16	0.9219982270544999
87	18	0.9126430938973904
87	19	0.9068027178590583
87	27	0.8654616382336966
87	28	0.9406244848103973
87	83	0.901448518547545
87	84	0.8766454474153624
87	85	0.9126430938973911
87	95	0.9406244848103973
88	17	0.92741935483871
88	18	1.0
88	19	0.9500817679413662
88	20	0.9107805524804606
89	19	0.9261463724958562
89	20	1.0
89	21	0.9328473316625473
89	91	0.943548387096774
89	96	0.9406244848103981
90	20	0.9267971790169608
90	22	1.0
90	23	0.9347847115075554
90	24	0.8625728249503659
90	91	0.981269046222163
91	15	0.8965775397001878
91	20	0.943548387096774
91	21	0.9072272919994707
91	22	0.981269046222163
91	89	0.943548387096774
91	90	0.981269046222163
91	92	0.9198133140636668
91	96	0.9076243745651582
92	10	0.9097431454327888
92	13	0.9172620317601512
92	15	0.8848534466735043
92	22	0.925122651912049
92	23	0.9314099852308941
92	24	0.8890322059681706
92	91	0.9198133140636668
93	23	0.927419354838709
93	24	1.0
93	25	0.975806451612904
93	97	0.866666666666667
94	16	0.9347847115075554
94	26	0.990476190476191
94	27	0.9233839110726274
94	86	0.9347847115075554
95	16	0.9367298559351416
95	17	0.990476190476191
95	18	0.9267971790169608
95	26	0.878657931710327
95	28	1.0
95	87	0.9406244848103973
96	18	0.901448518547545
96	20	0.9406244848103981
96	29	0.8535943580339214
96	33	0.8830624289204813
96	41	0.952380952380953
96	42	0.9176243022567974
96	89	0.9406244848103981
96	91	0.9076243745651582
97	24	0.866666666666667
97	34	0.9267971790169597
97	35	0.895366895850373
97	36	0.9750408839706828
97	37	0.9438071386664872
97	43	0.9250761848886495
97	93	0.866666666666667
98	30	0.876190476190477
98	45	1.0
98	46	0.9506845452005059
98	47	0.9427506546131619
98	115	0.8656946633250948
99	45	0.9427506546131619
99	47	1.0
99	48	0.9422908798988896
99	49	0.940421510670722
99	50	0.8535943580339205
99	72	0.8476904301963034
99	112	0.9517028974312073
100	32	0.892480771613161
100	47	0.940421510670722
100	49	1.0
100	50	0.9034564656055161
101	34	0.8656946633250959
101	49	0.9034564656055161
101	50	1.0
101	52	0.9554049072064119
101	53	0.8599576777367324
101	62	0.933333333333333
101	72	0.8809964652259517
102	50	0.9347847115075556
102	51	1.0
102	52	0.9739994090181662
102	53	0.9249615975422429
102	103	0.9875204419853422
103	36	0.8751443078289068
103	49	0.849923195084485
103	50	0.943548387096774
103	51	0.9875204419853422
103	52	0.9750408839706828
103	53	0.9144431851331861
103	102	0.9875204419853422
104	43	0.8656946633250957
104	51	0.9249615975422429
104	53	1.0
104	54	0.9427506546131619
104	64	0.8535460960177814
104	109	1.0
105	51	0.8678423284412133
105	53	0.9427506546131619
105	54	1.0
105	55	0.9267971790169607
105	108	1.0
105	111	0.917624302256796
106	54	0.9267971790169607
106	55	1.0
106	67	0.9406244848103982
106	68	0.9321112319276578
106	111	0.9200605451251361
107	45	0.9112903225806459
107	46	0.9585679658026386
107	58	1.0
107	110	0.9904761904761901
108	51	0.8678423284412133
108	53	0.9427506546131619
108	54	1.0
108	55	0.9267971790169607
108	105	1.0
108	111	0.917624302256796
109	43	0.8656946633250957
109	51	0.9249615975422429
109	53	1.0
109	54	0.9427506546131619
109	64	0.8535460960177814
109	104	1.0
110	45	0.9107805524804615
110	46	0.959677419354839
110	58	0.9904761904761901
110	70	0.9422908798988895
110	107	0.9904761904761901
111	38	0.9290791128932868
111	40	0.9176243022567974
111	44	0.9171359316052774
111	54	0.917624302256796
111	55	0.9200605451251361
111	105	0.917624302256796
111	106	0.9200605451251361
111	108	0.917624302256796
112	45	0.925122651912049
112	47	0.9517028974312073
112	49	0.9072272919994715
112	59	0.9034057948624125
112	60	0.8769659088112184
112	99	0.9517028974312073
112	115	0.9001635358827317
112	116	0.9001635358827317
112	117	0.9001635358827317
113	61	0.975806451612903
113	63	0.9739994090181662
113	64	0.9249615975422429
113	65	0.8361986120669889
113	72	0.8993174267115154
113	122	0.9126430938973904
114	57	0.9548715727163944
114	67	0.9347847115075554
114	68	1.0
115	45	0.8656946633250948
115	46	0.8720571185557092
115	59	0.9479988180363336
115	69	0.911290322580645
115	70	0.895366895850373
115	71	0.9875204419853421
115	98	0.8656946633250948
115	112	0.9001635358827317
115	116	1.0
115	117	1.0
115	118	0.925122651912049
116	59	0.9479988180363336
116	69	0.911290322580645
116	71	0.9875204419853421
116	112	0.9001635358827317
116	115	1.0
116	117	1.0
116	118	0.925122651912049
117	59	0.9479988180363336
117	69	0.911290322580645
117	71	0.9875204419853421
117	112	0.9001635358827317
117	115	1.0
117	116	1.0
117	118	0.925122651912049
118	69	0.9300627664806902
118	71	0.937602209926707
118	115	0.925122651912049
118	116	0.925122651912049
118	117	0.925122651912049
118	130	0.9109367272155966
119	74	0.935483870967742
119	76	0.9015710921032573
119	81	0.8808430213414441
119	120	0.983870967741935
119	121	0.935483870967742
119	122	0.9198133140636668
119	131	0.9479988180363328
120	76	0.9084165871904907
120	81	0.8959976360726664
120	119	0.983870967741935
120	131	0.9327308191168474
121	74	1.0
121	119	0.935483870967742
121	123	0.9267971790169608
121	131	0.9750408839706834
122	60	0.8927187356486828
122	61	0.9259390307194726
122	113	0.9126430938973904
122	119	0.9198133140636668
122	123	0.907624374565159
122	131	0.9671903640344192
123	63	0.8854301046950321
123	74	0.9267971790169608
123	75	0.950684545200505
123	77	0.9379465238201137
123	121	0.9267971790169608
123	122	0.907624374565159
123	124	0.950684545200505
123	125	0.8699970450908325
123	131	0.9068027178590595
124	64	0.8854301046950313
124	65	0.857380572058772
124	75	1.0
124	79	0.9233839110726286
124	123	0.950684545200505
124	125	0.9180292904900661
125	65	0.8551086922936197
125	75	0.9180292904900661
125	79	0.9108098144128239
125	80	0.9259390307194731
125	123	0.8699970450908325
125	124	0.9180292904900661
125	126	1.0
125	127	1.0
125	128	0.9014485185475443
125	129	0.9014485185475443
125	132	0.9300627664806902
126	75	0.9180292904900661
126	80	0.9259390307194731
126	125	1.0
126	127	1.0
126	128	0.9014485185475443
126	132	0.9300627664806902
127	75	0.9180292904900661
127	80	0.9259390307194731
127	125	1.0
127	126	1.0
127	128	0.9014485185475443
127	132	0.9300627664806902
128	65	0.9097431454327889
128	66	0.914285714285714
128	73	0.9367298559351425
128	75	0.8520536356015163
128	80	0.8607028776763016
128	125	0.9014485185475443
128	126	0.9014485185475443
128	127	0.9014485185475443
128	129	1.0
129	65	0.9097431454327889
129	66	0.914285714285714
129	73	0.9367298559351425
129	75	0.8520536356015163
129	125	0.9014485185475443
129	128	1.0
130	76	0.8757599118992961
130	81	0.9300627664806902
130	118	0.9109367272155966
131	74	0.9750408839706834
131	81	0.82888637026637
131	119	0.9479988180363328
131	120	0.9327308191168474
131	121	0.9750408839706834
131	122	0.9671903640344192
131	123	0.9068027178590595
132	78	0.8913377637933105
132	79	0.9554049072064119
132	80	0.9267971790169607
132	125	0.9300627664806902
132	126	0.9300627664806902
132	127	0.9300627664806902
